####### plaintext ###########
[0, 1, 2, 3]
####### public key a ###########
[559853832, 1748430899, 2962370247, 2711514405]
####### public key b ###########
[250855842L, 3271368237L, 1188577065, 1213939346]
####### secret key s ###########
[0, 1, 3843321856, 0]
############## original ciphertext u ################
[1440805442, 2880238349, 3522224081, 616623447]
############## original ciphertext v #################
[2905600634L, 2061182135L, 1446939395L, 653245460L]
############## decompose gadget g ###################
[2147483648, 1073741824, 536870912, 268435456, 134217728, 67108864, 33554432, 16777216, 8388608, 4194304, 2097152, 1048576, 524288, 262144, 131072, 65536, 32768, 16384, 8192, 4096, 2048, 1024, 512, 256, 128, 64, 32, 16, 8, 4, 2, 1]
############## new secret key s' ##################
[1, 1, 0, 0]
############# key switching key u ##################
[3282856593, 1395121445, 1858491660, 2926695813]
[3127766400, 3422312675, 2503950065, 970565275]
[3256725281, 3494720212, 2746989853, 2947666091]
[1973849289, 1896609871, 2239444118, 565693380]
[2597992123, 3310410928, 633012727, 2897392070]
[2714084947, 465054189, 194934533, 2288173683]
[842251036, 1190886508, 2387369270, 2501351165]
[2877683743, 2183827088, 1282673040, 48146358]
[438253703, 741101406, 2018832445, 2767600313]
[803814136, 1498299939, 3598951118, 1539671155]
[2741091898, 2377034555, 2535571163, 1832153679]
[2094947997, 2693531926, 619263126, 3069868172]
[3354744159, 181022893, 761446533, 956197185]
[362578399, 537985234, 2465240660, 472766807]
[256735545, 3635135728, 1545098524, 2077426465]
[1822216927, 1320816099, 1745705753, 746382950]
[2228115593, 965513068, 558552926, 802028166]
[1586218671, 3575637718, 2297833361, 3769400228]
[1540347460, 1001082220, 2731344721, 732072608]
[3835880600, 1500979206, 1043104944, 1042592687]
[1170161956, 3600073579, 3813271560, 2146174923]
[891565267, 37435615, 307455697, 1145232790]
[2470388990, 2407307972, 3279626973, 3155565395]
[1355195846, 2589700502, 1707703743, 2798738367]
[708211443, 3753057646, 87771385, 2373781503]
[1354638080, 3077536250, 552094144, 3424069013]
[12374597, 2825646893, 2703643134, 1949899868]
[670614674, 1468735698, 1716630960, 817004320]
[618716386, 3237792341, 2112286503, 1040748603]
[2403689783, 2432653042, 522932519, 2246810340]
[2245992859, 426782077, 1156057170, 3317525111]
[2225442998, 857391127, 1512447998, 1761754969]
############# key switching key v ####################
[3487161078, 1312827466, 2285546960, 2901456240]
[1686120732, 2210306463, 686639150, 368806518]
[3534262667, 1472069133, 908062737, 1991987771]
[2435165948, 241298154, 3282154269, 1038184359]
[299399946, 1912458392, 3609002331, 312917059]
[3417410593, 731291585, 3116224272, 1360213641]
[1659100130, 1843738745, 231511647, 2797923279]
[1013784472, 2641910098, 360044513, 2512502460]
[2329346609, 2672355356, 1074999399, 2900210956]
[735857018, 1545402086, 2585198353, 2548021441]
[2934383638, 2570614413, 2771940845, 3318918871]
[974920174, 2899212366, 529478228, 154190559]
[1444774883, 308079092, 2900328143, 2125678139]
[110188407, 2943020368, 839833820, 905314389]
[1820690920, 3794903513, 2506278390, 220796868]
[2767487881, 700354367, 776734468, 1351233155]
[2417234430, 649725964, 2319223094, 2482740764]
[2183181557, 2524803710, 1813156251, 1619410125]
[3035047005, 1301900370, 110886725, 379904529]
[1050033944, 2349788003, 1299233612, 1757624227]
[976012967, 2916410228, 273296527, 1727197231]
[253667524, 2914321999, 3498429521, 2390633369]
[685176406, 2808947264, 1999708258, 1251451346]
[1443542521, 3741747623, 3389239214, 3180201604]
[1665570060, 3225374752, 2492698, 1381768968]
[2069430934, 3254469448, 213691399, 3710480556]
[1937525270, 1005300400, 2157353656, 3033100712]
[146389646, 1703971500, 657955183, 1309686576]
[422032218, 3830134995, 2336564862, 690286751]
[3686442413, 2850300892, 887736292, 1073578998]
[1071532253, 1170546923, 2260482608, 3213061432]
[3379633828, 760487733, 1473482732, 569118891]
################# g inverse ##################
[0, 1, 0, 1, 0, 1, 0, 1, 1, 1, 1, 0, 0, 0, 0, 0, 1, 1, 1, 1, 0, 0, 1, 0, 0, 1, 0, 0, 0, 0, 1, 0]
[1, 0, 1, 0, 1, 0, 1, 1, 1, 0, 1, 0, 1, 1, 0, 0, 1, 1, 1, 1, 0, 0, 1, 1, 0, 0, 0, 0, 1, 1, 0, 1]
[1, 1, 0, 1, 0, 0, 0, 1, 1, 1, 1, 1, 0, 0, 0, 0, 1, 1, 0, 1, 1, 1, 1, 1, 1, 1, 0, 1, 0, 0, 0, 1]
[0, 0, 1, 0, 0, 1, 0, 0, 1, 1, 0, 0, 0, 0, 0, 0, 1, 1, 1, 0, 1, 1, 0, 1, 0, 1, 0, 1, 0, 1, 1, 1]
################# <g inverse, g> ##################
[1440805442, 2880238349, 3522224081, 616623447]
################# <g inverse, e> ##################
[0, 32, 0, 32]
################# new ciphertext u2 ##################
[3030931043, 312787285, 309124029, 1927266892]
#################### new ciphertext v2 #####################
[2705227361L, 3464076574L, 3765059060L, 3163467306L]
################# decrypted text ###################
[427L, 32L, 837L, 247L]
