[0.01, 0.02, 0.03, 0.04, 0.05, 0.06, 0.07, 0.08, 0.09]


##################  r = 1  ##################
[0.975, 0.9349999999999999, 0.916, 0.893, 0.86, 0.8379999999999999, 0.7859999999999999, 0.765, 0.74]

##################  r = 2  ##################
[1.0, 0.999, 0.9940000000000001, 0.9870000000000001, 0.9770000000000001, 0.966, 0.961, 0.9530000000000001, 0.9399999999999998]

##################  r = 3  ##################
[1.0, 1.0, 0.999, 1.0, 0.9950000000000001, 0.992, 0.992, 0.986, 0.9850000000000001]
